1 4,329,1 4 6 9, (+ 1 8 64 256) ,and
1 6,329,1 4 6 9, (+ 1 8 64 256) ,and
1 9,329,1 4 6 9, (+ 1 8 64 256) ,and
2 3,140,2 3 7, (+ 4 8 128) ,be
2 7,140,2 7 3,be
3 2,140,3 2 7,be
3 7,140,3 7 2,be
3 7,3 7 8,the
3 8,3 8 7,the
4 1,329,1 4 6 9, (+ 1 8 64 256) ,and
4 6,329,1 4 6 9, (+ 1 8 64 256) ,and
4 9,329,1 4 6 9, (+ 1 8 64 256) ,and
6 1,329,1 4 6 9, (+ 1 8 64 256) ,and
6 4,329,1 4 6 9, (+ 1 8 64 256) ,and
6 9,329,1 4 6 9, (+ 1 8 64 256) ,and
7 2,140,7 2 3,be
7 3,140,7 3 2,be
7 3,7 3 8,the
7 8,7 8 3,the
8 3,8 3 7,the
8 7,8 7 3,the

(expt 2 0)
3 7 8,the
2 7 10,of
1 4 7 9,and
2 3 4,you
1 7 8,that -
1 8 9 0,was
2 6 9 0,for
1 3 6 9,are
4 7 8 9,with
have
2 3 7,be